1296493200000
1296579600000
1296666000000
1296752400000
1296838800000
1296925200000
1297011600000
1297098000000
1297184400000
1297270800000
1297357200000
1297443600000
1297530000000
1297616400000
1297702800000
1297789200000
1297875600000
1297962000000
1298048400000
1298134800000
1298221200000
1298307600000
1298394000000
1298480400000
1298566800000
1298653200000
1298739600000
1298826000000
1298912400000
1298998800000
1299085200000
1299171600000
1299258000000
1299344400000
1299430800000
1299517200000
1299603600000
1299690000000
1299776400000
1299862800000
1299949200000
1300035600000
1300122000000
1300208400000
1300294800000
1300381200000
1300467600000
1300554000000
1300640400000
1300726800000
1300813200000
1300899600000
1300986000000
1301072400000
1301158800000
1301245200000
1301331600000
1301418000000
1301504400000
1301590800000
1301677200000
1301763600000
1301850000000
1301936400000
1302022800000
1302109200000
1302195600000
1302282000000
1302368400000
1302454800000
1302541200000
1302627600000
1302714000000
1302800400000
1302886800000
1302973200000
1303059600000
1303146000000
1303232400000
1303318800000
1303405200000
1303491600000
1303578000000
1303664400000
1303750800000
1303837200000
1303923600000
1304010000000
1304096400000
1304182800000
1304269200000
1304355600000
1304442000000
1304528400000
1304614800000
1304701200000
1304787600000
1304874000000
1304960400000
1305046800000
1305133200000
1305219600000
1305306000000
1305392400000
1305478800000
1305565200000
1305651600000
1305738000000
1305824400000
1305910800000
1305997200000
1306083600000
1306170000000
1306256400000
1306342800000
1306429200000
1306515600000
1306602000000
1306688400000
1306774800000
1306861200000
1306947600000
1307034000000
1307120400000
1307206800000
1307293200000
1307379600000
1307466000000
1307552400000
1307638800000
1307725200000
1307811600000
1307898000000
1307984400000
1308070800000
1308157200000
1308243600000
1308330000000
1308416400000
1308502800000
1308589200000
1308675600000
1308762000000
1308848400000
1308934800000
1309021200000
1309107600000
1309194000000
1309280400000
1309366800000
1309453200000
1309539600000
1309626000000
1309712400000
1309798800000
1309885200000
1309971600000
1310058000000
1310144400000
1310230800000
1310317200000
1310403600000
1310490000000
1310576400000
1310662800000
1310749200000
1310835600000
1310922000000
1311008400000
1311094800000
1311181200000
1311267600000
1311354000000
1311440400000
1311526800000
1311613200000
1311699600000
1311786000000
1311872400000
1311958800000
1312045200000
1312131600000
1312218000000
1312304400000
1312390800000
1312477200000
1312563600000
1312650000000
1312736400000
1312822800000
1312909200000
1312995600000
1313082000000
1313168400000
1313254800000
1313341200000
1313427600000
1313514000000
1313600400000
1313686800000
1313773200000
1313859600000
1313946000000
1314032400000
1314118800000
1314205200000
1314291600000
1314378000000
1314464400000
1314550800000
1314637200000
1314723600000
1314810000000
1314896400000
1314982800000
1315069200000
1315155600000
1315242000000
1315328400000
1315414800000
1315501200000
1315587600000
1315674000000
1315760400000
1315846800000
1315933200000
1316019600000
1316106000000
1316192400000
1316278800000
1316365200000
1316451600000
1316538000000
1316624400000
1316710800000
1316797200000
1316883600000
1316970000000
1317056400000
1317142800000
1317229200000
1317315600000
1317402000000
1317488400000
1317574800000
1317661200000
1317747600000
1317834000000
1317920400000
1318006800000
1318093200000
1318179600000
1318266000000
1318352400000
1318438800000
1318525200000
1318611600000
1318698000000
1318784400000
1318870800000
1318957200000
1319043600000
1319130000000
1319216400000
1319302800000
1319389200000
1319475600000
1319562000000
1319648400000
1319734800000
1319821200000
1319907600000
1319994000000
1320080400000
1320166800000
1320253200000
1320339600000
1320426000000
1320512400000
1320598800000
1320685200000
1320771600000
1320858000000
1320944400000
1321030800000
1321117200000
1321203600000
1321290000000
1321376400000
1321462800000
1321549200000
1321635600000
1321722000000
1321808400000
1321894800000
1321981200000
1322067600000
1322154000000
1322240400000
1322326800000
1322413200000
1322499600000
1322586000000
1322672400000
1322758800000
1322845200000
1322931600000
1323018000000
1323104400000
1323190800000
1323277200000
1323363600000
1323450000000
1323536400000
1323622800000
1323709200000
1323795600000
1323882000000
1323968400000
1324054800000
1324141200000
1324227600000
1324314000000
1324400400000
1324486800000
1324573200000
1324659600000
1324746000000
1324832400000
1324918800000
1325005200000
1325091600000
1325178000000
1325264400000
1325350800000
1325437200000
1325523600000
1325610000000
1325696400000
1325782800000
1325869200000
1325955600000
1326042000000
1326128400000
1326214800000
1326301200000
1326387600000
1326474000000
1326560400000
1326646800000
1326733200000
1326819600000
1326906000000
1326992400000
1327078800000
1327165200000
1327251600000
1327338000000
1327424400000
1327510800000
1327597200000
1327683600000
1327770000000
1327856400000
1327942800000
1328029200000
1328115600000
1328202000000
1328288400000
1328374800000
1328461200000
1328547600000
1328634000000
1328720400000
1328806800000
1328893200000
1328979600000
1329066000000
1329152400000
1329238800000
1329325200000
1329411600000
1329498000000
1329584400000
1329670800000
1329757200000
1329843600000
1329930000000
1330016400000
1330102800000
1330189200000
1330275600000
1330362000000
1330448400000
1330534800000
1330621200000
1330707600000
1330794000000
1330880400000
1330966800000
1331053200000
1331139600000
1331226000000
1331312400000
1331398800000
1331485200000
1331571600000
1331658000000
1331744400000
1331830800000
1331917200000
1332003600000
1332090000000
1332176400000
1332262800000
1332349200000
1332435600000
1332522000000
1332608400000
1332694800000
1332781200000
1332867600000
1332954000000
1333040400000
1333126800000
1333213200000
1333299600000
1333386000000
1333472400000
1333558800000
1333645200000
1333731600000
1333818000000
1333904400000
1333990800000
1334077200000
1334163600000
1334250000000
1334336400000
1334422800000
1334509200000
1334595600000
1334682000000
1334768400000
1334854800000
1334941200000
1335027600000
1335114000000
1335200400000
1335286800000
1335373200000
1335459600000
1335546000000
1335632400000
1335718800000
1335805200000
1335891600000
1335978000000
1336064400000
1336150800000
1336237200000
1336323600000
1336410000000
1336496400000
1336582800000
1336669200000
1336755600000
1336842000000
1336928400000
1337014800000
1337101200000
1337187600000
1337274000000
1337360400000
1337446800000
1337533200000
1337619600000
1337706000000
1337792400000
1337878800000
1337965200000
1338051600000
1338138000000
1338224400000
1338310800000
1338397200000
1338483600000
1338570000000
1338656400000
1338742800000
1338829200000
1338915600000
1339002000000
1339088400000
1339174800000
1339261200000
1339347600000
1339434000000
1339520400000
1339606800000
1339693200000
1339779600000
1339866000000
1339952400000
1340038800000
1340125200000
1340211600000
1340298000000
1340384400000
1340470800000
1340557200000
1340643600000
1340730000000
1340816400000
1340902800000
1340989200000
1341075600000
1341162000000
1341248400000
1341334800000
1341421200000
1341507600000
1341594000000
1341680400000
1341766800000
1341853200000
1341939600000
1342026000000
1342112400000
1342198800000
1342285200000
1342371600000
1342458000000
1342544400000
1342630800000
1342717200000
1342803600000
1342890000000
1342976400000
1343062800000
1343149200000
1343235600000
1343322000000
1343408400000
1343494800000
1343581200000
1343667600000
1343754000000
1343840400000
1343926800000
1344013200000
1344099600000
1344186000000
1344272400000
1344358800000
1344445200000
1344531600000
1344618000000
1344704400000
1344790800000
1344877200000
1344963600000
1345050000000
1345136400000
1345222800000
1345309200000
1345395600000
1345482000000
1345568400000
1345654800000
1345741200000
1345827600000
1345914000000
1346000400000
1346086800000
1346173200000
1346259600000
1346346000000
1346432400000
1346518800000
1346605200000
1346691600000
1346778000000
1346864400000
1346950800000
1347037200000
1347123600000
1347210000000
1347296400000
1347382800000
1347469200000
1347555600000
1347642000000
1347728400000
1347814800000
1347901200000
1347987600000
1348074000000
1348160400000
1348246800000
1348333200000
1348419600000
1348506000000
1348592400000
1348678800000
1348765200000
1348851600000
1348938000000
1349024400000
1349110800000
1349197200000
1349283600000
1349370000000
1349456400000
1349542800000
1349629200000
1349715600000
1349802000000
1349888400000
1349974800000
1350061200000
1350147600000
1350234000000
1350320400000
1350406800000
1350493200000
1350579600000
1350666000000
1350752400000
1350838800000
1350925200000
1351011600000
1351098000000
1351184400000
1351270800000
1351357200000
1351443600000
1351530000000
1351616400000
1351702800000
1351789200000
1351875600000
1351962000000
1352048400000
1352134800000
1352221200000
1352307600000
1352394000000
1352480400000
1352566800000
1352653200000
1352739600000
1352826000000
1352912400000
1352998800000
1353085200000
1353171600000
1353258000000
1353344400000
1353430800000
1353517200000
1353603600000
1353690000000
1353776400000
1353862800000
1353949200000
1354035600000
1354122000000
1354208400000
1354294800000
1354381200000
1354467600000
1354554000000
1354640400000
1354726800000
1354813200000
1354899600000
1354986000000
1355072400000
1355158800000
1355245200000
1355331600000
1355418000000
1355504400000
1355590800000
1355677200000
1355763600000
1355850000000
1355936400000
1356022800000
1356109200000
1356195600000
1356282000000
1356368400000
1356454800000
1356541200000
1356627600000
1356714000000
1356800400000
1356886800000
1356973200000
1357059600000
1357146000000
1357232400000
1357318800000
1357405200000
1357491600000
1357578000000
1357664400000
1357750800000
1357837200000
1357923600000
1358010000000
1358096400000
1358182800000
1358269200000
1358355600000
1358442000000
1358528400000
1358614800000
1358701200000
1358787600000
1358874000000
1358960400000
1359046800000
1359133200000
1359219600000
1359306000000
1359392400000
1359478800000
1359565200000
1359651600000
1359738000000
1359824400000
1359910800000
1359997200000
1360083600000
1360170000000
1360256400000
1360342800000
1360429200000
1360515600000
1360602000000
1360688400000
1360774800000
1360861200000
1360947600000
1361034000000
1361120400000
1361206800000
1361293200000
1361379600000
1361466000000
1361552400000
1361638800000
1361725200000
1361811600000
1361898000000
1361984400000
1362070800000
1362157200000
1362243600000
1362330000000
1362416400000
1362502800000
1362589200000
1362675600000
1362762000000
1362848400000
1362934800000
1363021200000
1363107600000
1363194000000
1363280400000
1363366800000
1363453200000
1363539600000
1363626000000
1363712400000
1363798800000
1363885200000
1363971600000
1364058000000
1364144400000
1364230800000
1364317200000
1364403600000
1364490000000
1364576400000
1364662800000
1364749200000
1364835600000
1364922000000
1365008400000
1365094800000
1365181200000
1365267600000
1365354000000
1365440400000
1365526800000
1365613200000
1365699600000
1365786000000
1365872400000
1365958800000
1366045200000
1366131600000
1366218000000
1366304400000
1366390800000
1366477200000
1366563600000
1366650000000
1366736400000
1366822800000
1366909200000
1366995600000
1367082000000
1367168400000
1367254800000
1367341200000
1367427600000
1367514000000
1367600400000
1367686800000
1367773200000
1367859600000
1367946000000
1368032400000
1368118800000
1368205200000
1368291600000
1368378000000
1368464400000
1368550800000
1368637200000
1368723600000
1368810000000
1368896400000
1368982800000
1369069200000
1369155600000
1369242000000
1369328400000
1369414800000
1369501200000
1369587600000
1369674000000
1369760400000
1369846800000
1369933200000
1370019600000
1370106000000
1370192400000
1370278800000
1370365200000
1370451600000
1370538000000
1370624400000
1370710800000
1370797200000
1370883600000
1370970000000
1371056400000
1371142800000
1371229200000
1371315600000
1371402000000
1371488400000
1371574800000
1371661200000
1371747600000
1371834000000
1371920400000
1372006800000
1372093200000
1372179600000
1372266000000
1372352400000
1372438800000
1372525200000
1372611600000
1372698000000
1372784400000
1372870800000
1372957200000
1373043600000
1373130000000
1373216400000
1373302800000
1373389200000
1373475600000
1373562000000
1373648400000
1373734800000
1373821200000
1373907600000
1373994000000
1374080400000
1374166800000
1374253200000
1374339600000
1374426000000
1374512400000
1374598800000
1374685200000
1374771600000
1374858000000
1374944400000
1375030800000
1375117200000
1375203600000
1375290000000
1375376400000
1375462800000
1375549200000
1375635600000
1375722000000
1375808400000
1375894800000
1375981200000
1376067600000
1376154000000
1376240400000
1376326800000
1376413200000
1376499600000
1376586000000
1376672400000
1376758800000
1376845200000
1376931600000
1377018000000
1377104400000
1377190800000
1377277200000
1377363600000
1377450000000
1377536400000
1377622800000
1377709200000
1377795600000
1377882000000
1377968400000
1378054800000
1378141200000
1378227600000
1378314000000
1378400400000
1378486800000
1378573200000
1378659600000
1378746000000
1378832400000
1378918800000
1379005200000
1379091600000
1379178000000
1379264400000
1379350800000
1379437200000
1379523600000
1379610000000
1379696400000
1379782800000
1379869200000
1379955600000
1380042000000
1380128400000
1380214800000
1380301200000
1380387600000
1380474000000
1380560400000
1380646800000
1380733200000
1380819600000
1380906000000
1380992400000
1381078800000
1381165200000
1381251600000
1381338000000
1381424400000
1381510800000
1381597200000
1381683600000
1381770000000
1381856400000
1381942800000
1382029200000
1382115600000
1382202000000
1382288400000
1382374800000
1382461200000
1382547600000
1382634000000
1382720400000
1382806800000
1382893200000
1382979600000
1383066000000
1383152400000
